timestamp,vi_1,Pi_1,Pi_2,Pi_3,Pi_4,Pi_5,Pi_6,Qi_1,Qi_2,Qi_3,Qi_4,Qi_5,Qi_6
0,1.01958591,26.86837374,-5.69,-4.73,-5.95,-5.27,-4.78,1.149642979,1.71e-06,8.84e-07,9.459999999999999e-07,4.92e-07,5.13e-07
900,1.022127263,28.05360032,-7.25,-5.59,-4.79,-5.59,-4.67,1.202231112,2.35e-06,9.42e-07,7.96e-07,4.83e-07,5.079999999999999e-07
1800,1.019717843,27.03500841,-5.24,-4.95,-6.67,-4.85,-5.01,1.166049699,1.38e-06,8.25e-07,8.990000000000001e-07,4.14e-07,4.6799999999999996e-07
2700,1.0189427009999998,25.76046949,-4.37,-5.35,-6.27,-5.68,-3.88,1.030684022,1.03e-06,9.7e-07,1.04e-06,4.83e-07,4.970000000000001e-07
3600,1.023842421,24.19275012,-5.31,-5.05,-4.69,-6.55,-2.2,0.880685924,1.57e-06,9.93e-07,1.05e-06,7.13e-07,3.42e-07
4500,1.020451673,25.96778407,-5.49,-3.52,-5.19,-8.27,-3.33,1.094035901,1.46e-06,4.6399999999999997e-07,7.72e-07,1.4e-07,3.25e-07
5400,1.01634688,26.22942419,-3.64,-5.45,-5.57,-7.82,-3.36,1.101313778,6.54e-07,7.890000000000001e-07,7.4e-07,1.45e-07,3.11e-07
6300,1.020379671,24.78003343,-3.8,-4.57,-4.43,-6.97,-4.58,0.971950709,7.68e-07,6.96e-07,7.25e-07,3.97e-07,4.83e-07
7200,1.020434667,25.84959001,-5.02,-3.79,-4.21,-6.5,-6.02,1.110956942,1.27e-06,5.32e-07,6.14e-07,3.7700000000000005e-07,3.18e-07
8100,1.022874464,28.36581197,-5.17,-4.65,-6.12,-5.75,-6.21,1.312977502,1.24e-06,6.079999999999999e-07,5.92e-07,2.1800000000000002e-07,1.0099999999999999e-07
9000,1.018716561,28.25171005,-5.34,-3.3,-5.72,-7.08,-6.48,1.326541392,1.24e-06,3.3e-07,4.7e-07,2.7200000000000002e-08,2.4700000000000003e-08
9900,1.019246186,26.40242525,-3.56,-4.83,-6.62,-5.61,-5.43,1.150477746,6.05e-07,6.15e-07,7.240000000000001e-07,3.29e-07,3.18e-07
10800,1.0221493640000001,26.85512937,-2.4,-5.9,-5.62,-6.7,-5.79,1.1992059290000001,2.56e-07,5.99e-07,5.33e-07,1.44e-07,1.56e-07
11700,1.023985218,28.27426591,-4.48,-6.57,-5.72,-6.21,-5.03,1.212468327,9.709999999999999e-07,7.88e-07,6.629999999999999e-07,2.59e-07,3.1e-07
12600,1.019324331,31.63487978,-6.08,-7.05,-4.99,-6.63,-6.37,1.526050573,1.42e-06,5.69e-07,3.29e-07,7.27e-09,-4.0899999999999996e-08
13500,1.027081908,26.65594574,-4.8,-6.34,-3.71,-5.6,-5.82,1.088888398,1.18e-06,9.87e-07,5.64e-07,4.06e-07,3.95e-07
14400,1.01798041,23.44809368,-5.27,-4.59,-3.51,-4.71,-5.18,0.8449527290000001,1.62e-06,8.909999999999999e-07,7.28e-07,6.690000000000001e-07,8.61e-07
15300,1.019339176,22.51786807,-5.01,-4.86,-3.41,-5.34,-3.64,0.75386757,1.51e-06,9.759999999999998e-07,7.72e-07,8.82e-07,7.3e-07
16200,1.020552257,19.46274909,-5.0,-5.14,-1.28,-4.53,-3.38,0.592849439,1.6e-06,1.25e-06,2.03e-07,9.54e-07,8.03e-07
17100,1.016824013,22.01537988,-5.46,-5.59,-2.98,-3.45,-4.23,0.756856992,1.83e-06,1.4e-06,6.85e-07,6.709999999999999e-07,1.02e-06
18000,1.024112772,29.66029478,-6.45,-6.9,-4.69,-4.16,-7.13,1.437967975,1.8e-06,9.64e-07,5.45e-07,2.64e-07,-3.95e-09
18900,1.020438323,31.58482443,-7.3,-7.32,-5.44,-3.65,-7.35,1.63594376,1.97e-06,7.66e-07,4.41e-07,1.8600000000000002e-07,-1.1800000000000001e-07
19800,1.0172641820000001,29.33915667,-6.65,-6.67,-5.06,-4.74,-5.78,1.359813436,2e-06,1.07e-06,7e-07,3.79e-07,3.12e-07
20700,1.02113205,30.71577839,-6.9,-6.39,-5.06,-5.7,-6.2,1.484934905,1.93e-06,8.19e-07,5e-07,1.92e-07,7.57e-08
21600,1.011401572,31.83062728,-5.38,-7.55,-4.75,-9.08,-4.56,1.633116361,1.05e-06,5.26e-07,1.98e-07,-7.190000000000001e-10,4.3899999999999996e-08
22500,1.018693452,31.66657433,-5.75,-8.3,-3.07,-8.71,-5.35,1.5982584119999999,1.21e-06,4.79e-07,1.42e-07,-5.63e-08,2.6800000000000002e-08
23400,1.023360454,33.59755497,-8.35,-7.21,-3.55,-8.94,-5.21,1.7986000519999998,1.94e-06,4.5899999999999997e-07,1.41e-07,-1.4199999999999999e-09,1.55e-08
24300,1.0155339209999998,34.81024753,-8.81,-5.46,-4.19,-9.52,-6.2,2.010185655,1.68e-06,2.28e-07,2.8700000000000002e-08,7.72e-07,9.09e-08
25200,1.022939796,37.83449245,-11.1,-6.15,-4.48,-10.8,-4.67,2.39499125,8.620000000000001e-07,5.4500000000000005e-08,-6.97e-08,2.89e-06,5.019999999999999e-08
26100,1.02216238,41.77355498,-13.1,-8.13,-5.03,-9.63,-5.34,2.8509450160000003,-1.3e-08,-6.46e-08,-7.25e-08,1.97e-06,2.52e-07
27000,1.017912758,47.540824799999996,-11.0,-10.6,-5.92,-10.8,-8.04,3.5797803,-3.9899999999999996e-07,2.8e-06,1.17e-06,1.67e-05,1.0300000000000001e-05
27900,1.0201937209999998,49.02552905,-7.97,-10.7,-7.41,-10.7,-11.1,3.93879195,-1.25e-06,6.04e-06,7.1e-06,3.59e-05,5.91e-05
28800,1.021376578,53.63111868,-8.7,-12.2,-7.72,-13.6,-10.0,4.554302518,-1.73e-06,1.9600000000000002e-05,1.4099999999999999e-05,9.73e-05,6.47e-05
29700,1.0260011820000001,51.25996082,-10.4,-10.3,-9.61,-13.4,-6.21,4.1341348280000005,-8.520000000000001e-07,6e-06,1.6800000000000002e-05,6.22e-05,1.01e-05
30600,1.016347519,54.79366396,-11.8,-11.0,-8.4,-14.4,-7.81,4.76826611,3.6200000000000004e-07,1.26e-05,1.66e-05,0.00011200000000000001,2.9100000000000003e-05
31500,1.01971409,57.82163401,-12.8,-13.3,-7.99,-14.0,-8.16,5.261957228,3.47e-06,3.41e-05,1.75e-05,0.00011599999999999999,3.73e-05
32400,1.019661548,54.51444224,-12.7,-11.2,-8.58,-9.25,-11.5,4.75215089,1.56e-06,1.15e-05,1.4400000000000001e-05,2.55e-05,7.509999999999998e-05
33300,1.017877471,54.93404319,-12.2,-9.85,-9.1,-8.43,-13.8,4.973142327,1.21e-06,8.99e-06,2.3100000000000002e-05,2.7699999999999996e-05,0.00016999999999999999
34200,1.013197441,56.80797436,-11.8,-12.2,-6.87,-10.7,-13.5,5.190259248,1.1e-06,2.58e-05,1.32e-05,5.8099999999999996e-05,0.00018899999999999999
35100,1.021440472,56.66643437,-12.4,-10.2,-8.15,-11.0,-13.3,5.225620876,2.3e-06,1.29e-05,2.02e-05,6.500000000000001e-05,0.00018
36000,1.0258180940000001,62.586282999999995,-13.8,-12.0,-7.85,-12.5,-14.6,6.398695687000001,1.26e-05,3.97e-05,3.53e-05,0.000156,0.00037200000000000004
36900,1.0162929,53.67105512,-11.5,-10.3,-7.12,-9.12,-14.1,4.832438674,-9.13e-08,9.07e-06,1.0800000000000002e-05,3.54e-05,0.000195
37800,1.016535241,57.91232569,-13.1,-10.1,-6.49,-12.8,-13.8,5.539760445,4.99e-06,1.3000000000000001e-05,1.4599999999999999e-05,0.000132,0.00024700000000000004
38700,1.023464137,53.25578936,-9.93,-11.2,-7.01,-11.8,-11.9,4.64547336,-1.33e-06,1.26e-05,1.05e-05,6.96e-05,0.00010800000000000001
39600,1.02013424,59.87622942,-11.2,-12.5,-8.64,-11.9,-13.9,5.811305376,9.35e-07,3.5799999999999996e-05,3.76e-05,0.000121,0.0003
40500,1.0165367140000001,62.87026915,-13.0,-13.4,-8.29,-12.8,-13.6,6.270967343,8.7e-06,5.13e-05,3.81e-05,0.000164,0.0003
41400,1.019763739,61.90707933,-13.5,-13.1,-9.64,-11.7,-12.3,6.0095315760000005,9.12e-06,4.15e-05,4.74e-05,0.000103,0.00017900000000000001
42300,1.0213334090000001,63.6229299,-13.1,-15.2,-9.69,-11.5,-12.3,6.361614413,8.83e-06,8.41e-05,5.5299999999999996e-05,0.000117,0.0002
43200,1.024474127,64.76433537,-11.6,-15.4,-9.02,-14.1,-12.6,6.663989646,4.3e-06,0.000103,6.08e-05,0.000272,0.00028
44100,1.026262046,58.13910729,-10.8,-14.6,-7.52,-12.2,-11.4,5.251330671,-2.74e-07,4.96e-05,1.84e-05,9.17e-05,0.000118
45000,1.017175294,55.58376966,-10.2,-13.3,-8.06,-13.0,-9.6,4.726251245,-9.770000000000001e-07,2.75e-05,1.63e-05,8.02e-05,5.7100000000000006e-05
45900,1.025538268,63.78048192,-9.24,-14.4,-9.58,-14.9,-13.5,6.544144776,-1.19e-06,8.909999999999998e-05,7.900000000000001e-05,0.000337,0.00038700000000000003
46800,1.01923349,66.95010363,-10.1,-15.1,-9.9,-17.6,-12.0,7.2022148260000005,1.57e-06,0.000128,0.000109,0.000663,0.000322
47700,1.020475212,65.88723822,-13.0,-13.1,-9.25,-17.1,-11.2,6.968882657000001,1.23e-05,6.54e-05,7.340000000000001e-05,0.000553,0.000225
48600,1.0194756870000001,65.29587502,-11.8,-14.2,-11.1,-13.8,-12.4,6.7078117420000005,5.56e-06,7.68e-05,0.000109,0.000259,0.000276
49500,1.016835129,70.88022892,-12.2,-15.9,-14.4,-13.6,-12.4,7.933356713999999,1.29e-05,0.00016999999999999999,0.000343,0.000341,0.000376
50400,1.02492175,65.67714345,-12.4,-12.3,-10.9,-15.5,-12.6,6.869674913,8.79e-06,5.04e-05,0.000113,0.0004,0.000312
51300,1.016777623,62.77594755,-12.6,-11.8,-9.96,-14.2,-12.5,6.324159029,6.58e-06,3.5499999999999996e-05,6.709999999999999e-05,0.00023500000000000002,0.000246
52200,1.014729798,65.97686485,-10.6,-14.3,-10.5,-18.4,-9.97,6.916680102000001,2.69e-06,0.000102,0.00011399999999999999,0.000629,0.000181
53100,1.023722113,65.28341,-10.4,-15.0,-9.97,-19.3,-8.5,6.84081245,1.79e-06,0.00011399999999999999,9.570000000000001e-05,0.000732,0.00011999999999999999
54000,1.0186512840000002,61.29906835,-9.68,-15.2,-8.09,-16.2,-10.2,6.116941311000001,-1.05e-06,9.18e-05,3.91e-05,0.000354,0.000135
54900,1.023570558,59.5998157,-11.4,-13.4,-9.9,-13.0,-10.3,5.663569486,1.18e-06,4.3700000000000005e-05,4.49e-05,0.000133,9.68e-05
55800,1.0155561290000001,59.80894803,-8.9,-14.2,-9.53,-14.0,-11.5,5.775054218999999,-1.88e-06,5.98e-05,5.18e-05,0.00020899999999999998,0.000167
56700,1.020908793,62.65989122,-8.15,-12.0,-10.1,-14.6,-15.7,6.764143989,-2.7e-06,5.550000000000001e-05,0.00010700000000000001,0.00037200000000000004,0.0007160000000000001
57600,1.016046403,56.34643042,-8.56,-9.57,-8.92,-15.6,-11.9,5.377811181,-2.34e-06,1.36e-05,4e-05,0.000271,0.00018700000000000002
58500,1.018199378,61.19186453,-11.2,-9.79,-9.91,-15.3,-13.0,6.088264434,1.65e-06,2.0399999999999998e-05,7.11e-05,0.000294,0.000299
59400,1.01811459,66.90997568,-10.8,-9.45,-10.8,-17.4,-16.2,7.648260153,4.38e-06,3.98e-05,0.00016999999999999999,0.000728,0.000998
60300,1.018484219,60.44761344,-9.47,-11.4,-10.2,-16.4,-11.3,5.959454926,-1.49e-06,3.28e-05,7.269999999999999e-05,0.000363,0.00018999999999999998
61200,1.012723841,54.71668828,-8.49,-10.5,-9.73,-14.3,-10.2,4.799547174,-2e-06,1.26e-05,3.6e-05,0.000144,8.609999999999999e-05
62100,1.024594977,57.26088795,-8.74,-11.6,-10.5,-11.7,-13.1,5.3588222619999994,-2.02e-06,2.4e-05,5.8599999999999995e-05,0.00010400000000000001,0.00022799999999999999
63000,1.024448269,52.60634082,-9.17,-13.3,-7.52,-8.65,-12.6,4.453234417,-1.43e-06,2.1899999999999997e-05,1.0199999999999999e-05,2.4e-05,0.00011599999999999999
63900,1.011630987,48.94833655,-5.57,-13.0,-8.75,-9.51,-10.9,3.909384138,-1.33e-06,1.63e-05,1.34e-05,2.2899999999999998e-05,5.739999999999999e-05
64800,1.020044599,50.37352595,-5.95,-11.4,-9.22,-11.4,-11.0,4.14087039,-1.65e-06,1.1e-05,2.08e-05,5.45e-05,7.4e-05
65700,1.013031495,46.95922514,-6.06,-11.1,-9.83,-10.2,-8.85,3.52231576,-9.179999999999999e-07,4.96e-06,1.42e-05,2.05e-05,2.15e-05
66600,1.017856231,46.7757521,-6.5,-9.45,-9.83,-9.55,-10.3,3.51913583,-9.770000000000001e-07,2.38e-06,1.4400000000000001e-05,1.76e-05,3.86e-05
67500,1.030639997,56.00727419,-5.88,-11.4,-11.2,-11.3,-14.4,5.300078308,-2.86e-06,2.51e-05,8.25e-05,9.77e-05,0.000352
68400,1.013348739,52.18819475,-5.78,-9.0,-9.46,-11.5,-14.9,4.780761442,-2.66e-06,7.82e-06,3.8e-05,8.809999999999999e-05,0.000334
69300,1.02247169,48.27429453,-5.18,-8.65,-9.82,-9.47,-13.9,4.126796407,-1.84e-06,3.41e-06,2.65e-05,3.5e-05,0.00018600000000000002
70200,1.018754834,46.353585200000005,-5.25,-7.93,-9.96,-10.5,-11.7,3.7027109439999997,-1.34e-06,1.18e-06,1.95e-05,3.37e-05,7.730000000000001e-05
71100,1.02379539,47.38707374,-5.41,-8.62,-9.78,-11.4,-11.0,3.6933019519999997,-1.42e-06,2.25e-06,1.99e-05,4.1899999999999995e-05,6.49e-05
72000,1.023045198,43.16570811,-7.15,-6.6,-9.02,-10.7,-8.6,2.983171097,-3.6799999999999996e-07,-2.88e-07,5.72e-06,1.6800000000000002e-05,1.3300000000000001e-05
72900,1.0224079179999999,39.33927338,-6.95,-7.11,-6.45,-7.89,-10.2,2.500793711,2.7600000000000004e-07,-2.74e-07,3.61e-07,2.61e-06,1.34e-05
73800,1.021200485,44.80905311,-5.47,-9.37,-8.68,-10.7,-9.43,3.174495106,-7.68e-07,1.47e-06,7.36e-06,2.0399999999999998e-05,2.4e-05
74700,1.021841114,42.72465783,-5.3,-9.43,-7.75,-9.77,-9.58,2.897011605,-4.74e-07,8.4e-07,2.98e-06,1.12e-05,1.89e-05
75600,1.0240448770000001,46.66239407,-5.51,-10.9,-9.28,-10.7,-9.07,3.476197915,-9.5e-07,4.86e-06,1.15e-05,2.57e-05,2.46e-05
76500,1.016412403,40.29842994,-5.79,-9.03,-8.78,-6.53,-9.25,2.656725434,7.85e-08,1.0699999999999999e-07,2.36e-06,1.5e-06,8.68e-06
77400,1.020431322,34.74475333,-4.65,-8.82,-9.47,-4.5,-6.75,2.0245139169999997,4.83e-07,3.54e-08,3.7100000000000003e-07,-7.74e-09,1.92e-07
78300,1.0169226040000001,38.12448627,-4.76,-12.3,-7.82,-6.62,-5.9,2.295288938,2.5e-07,1.16e-06,2.7100000000000003e-07,3.85e-07,4.01e-07
79200,1.020447849,40.06574232,-5.74,-10.0,-7.93,-9.12,-6.42,2.506930426,2.22e-07,3.25e-07,9.82e-07,3.49e-06,1.61e-06
80100,1.021523081,33.59631734,-4.06,-8.86,-6.54,-7.14,-6.45,1.789289291,4.3299999999999997e-07,1.1599999999999999e-07,2.67e-08,4.75e-08,7.29e-08
81000,1.016175791,37.40997514,-5.73,-11.1,-7.22,-7.42,-5.21,2.102908474,6.24e-07,1.72e-07,4.3300000000000004e-08,3.1e-07,9.470000000000001e-08
81900,1.016064193,38.80820384,-5.76,-10.7,-7.13,-7.75,-6.78,2.2635090719999997,4.46e-07,2.9199999999999997e-07,1.71e-07,1.01e-06,1.01e-06
82800,1.0229316240000002,33.0122888,-4.98,-9.23,-5.49,-7.35,-5.38,1.663520881,8.47e-07,2.2699999999999998e-07,1.83e-07,-4.66e-08,1.3800000000000002e-09
83700,1.0158872190000001,28.38308382,-4.12,-6.87,-5.4,-6.79,-4.77,1.236914667,7.87e-07,8.9e-07,5.89e-07,1.1900000000000001e-07,2.67e-07
84600,1.017532633,28.56037432,-5.9,-6.33,-5.61,-6.9,-3.3,1.231620878,1.61e-06,1.01e-06,7.6e-07,2.56e-07,3.19e-07
85500,1.018217483,33.71985527,-7.01,-9.4,-4.02,-8.19,-4.63,1.685074815,1.51e-06,2.3100000000000002e-07,1.87e-07,-6.78e-08,4.93e-08
