timestamp,vmag_LOAD_EQ2,varg_LOAD_EQ2,vmag_RA1,varg_RA1,vmag_RA2,varg_RA2,vmag_RA3,varg_RA3,vmag_RA4,varg_RA4,vmag_RA5,varg_RA5
0,1.02,-4.3e-19,1.0157806679999999,-0.006311936,1.012493066,-0.011300952,1.0099613509999998,-0.015168863000000001,1.008380201,-0.017620101000000003,1.007626823,-0.018784906
900,1.02,-4.940000000000001e-20,1.015595019,-0.006591306999999999,1.0123525009999998,-0.011541562,1.009984954,-0.015182205,1.0083758729999999,-0.017678169,1.0076438509999999,-0.018812148
1800,1.02,7.29e-19,1.015752347,-0.006349914,1.012347948,-0.011504675,1.009736345,-0.015481293,1.008199249,-0.017868986,1.007414272,-0.019079408
2700,1.02,-3.41e-19,1.0159714359999998,-0.006060902,1.012650965,-0.011115611000000001,1.010178718,-0.01490639,1.008706223,-0.017210093,1.008118578,-0.018130586
3600,1.02,3.66e-19,1.016236983,-0.005703209,1.013324135,-0.010180719,1.011217413,-0.013439425,1.009860741,-0.015562076999999999,1.009525561,-0.016098022
4500,1.02,4.47e-19,1.015925633,-0.0061019709999999994,1.0127339,-0.010943008,1.010095032,-0.014963805,1.008284393,-0.017746783999999998,1.0077782229999999,-0.01854577
5400,1.02,-2.5600000000000002e-19,1.015885695,-0.006164238000000001,1.0123695320000001,-0.011490118,1.009722094,-0.015523869,1.007953538,-0.018246581,1.007426304,-0.019077387
6300,1.02,-8.84e-20,1.016128871,-0.005832146999999999,1.012876045,-0.010785495,1.0103408040000001,-0.014664696000000001,1.008509699,-0.017483542,1.007787157,-0.018603638999999998
7200,1.02,-4.9800000000000004e-20,1.015938708,-0.0060709430000000005,1.01268647,-0.010988798000000001,1.010036849,-0.015011221000000002,1.008054473,-0.018031385,1.007100765,-0.019483788000000002
8100,1.02,-2.44e-19,1.015522302,-0.006651016,1.011888968,-0.01211649,1.009000256,-0.016485263,1.007101473,-0.019390501,1.006104863,-0.020902975
9000,1.02,-3.98e-19,1.015535589,-0.006621441,1.011940574,-0.012020246000000002,1.0088781009999999,-0.016647632,1.0067383090000002,-0.019912247,1.005716294,-0.021459601000000002
9900,1.02,6.73e-19,1.0158483870000001,-0.006199048,1.012267961,-0.011603135,1.009450793,-0.015871714,1.007707306,-0.018556735,1.006835002,-0.019892247
10800,1.02,1.01e-18,1.0157704140000001,-0.006301618,1.011944062,-0.012069991,1.0090621370000001,-0.016430728999999998,1.00708374,-0.019449498,1.006168943,-0.020846315
11700,1.02,-2.2199999999999996e-19,1.015560354,-0.006643267,1.011857126,-0.012257506000000001,1.009203177,-0.016307807,1.00746019,-0.01899997,1.006687284,-0.020193937
12600,1.02,1.9e-18,1.01499397,-0.007412435,1.0109946429999999,-0.013430756,1.008132506,-0.017775389,1.006069297,-0.020928644,1.005047915,-0.022477265
13500,1.02,-6.0200000000000005e-19,1.01582657,-0.006269241,1.0124316690000001,-0.01143533,1.0100389859999999,-0.015104527,1.0082358820000001,-0.017880497,1.007322241,-0.0192763
14400,1.02,-5.36e-19,1.0163544340000001,-0.005528273,1.0135616570000001,-0.009822715,1.011483042,-0.013035002,1.009953313,-0.015408251999999999,1.009141679,-0.016656415
15300,1.02,7.7299999999999995e-19,1.01651261,-0.005316471,1.013828776,-0.009465289,1.011905195,-0.012455357,1.010514656,-0.014628078999999999,1.009947674,-0.015517194
16200,1.02,6.309999999999999e-20,1.016998499,-0.004601465,1.01479558,-0.008025829,1.013381571,-0.010242351,1.012163956,-0.012154203,1.011646212,-0.012968367
17100,1.02,3.2600000000000004e-19,1.01658525,-0.00519459,1.014037807,-0.009127602,1.012374107,-0.01172068,1.011175914,-0.013593775,1.010512969,-0.014623002
18000,1.02,3.75e-18,1.015303033,-0.006946602,1.0116597809999999,-0.012416762,1.00911938,-0.016267491000000002,1.007325059,-0.018996203,1.006176164,-0.020718111
18900,1.02,8.39e-19,1.014974217,-0.00738455,1.01115903,-0.013087555,1.008531434,-0.017052856,1.006771396,-0.019720346,1.00557441,-0.021509419
19800,1.02,2.58e-18,1.015369016,-0.006880023000000001,1.011831781,-0.012223648,1.009362866,-0.015993629,1.007703714,-0.01854721,1.00678585,-0.019948358
20700,1.02,-1.7600000000000003e-18,1.0151378290000002,-0.007195588,1.011406162,-0.012815568000000001,1.008706516,-0.016917644,1.006815552,-0.019809639,1.005828063,-0.021309231
21600,1.02,-3.62e-18,1.0149391509999999,-0.007444535,1.010774094,-0.013657107,1.007840829,-0.018089118,1.005670173,-0.021383315,1.004964403,-0.02248093
22500,1.02,1.78e-18,1.0149715940000001,-0.007409766999999999,1.01089378,-0.013508071000000002,1.0081643009999999,-0.017646518,1.005924166,-0.021051282999999997,1.0050736679999999,-0.022357872
23400,1.02,1.78e-18,1.014641464,-0.007849233,1.010666847,-0.013801105,1.00785079,-0.018056743,1.005585358,-0.021486973,1.004760418,-0.022757021000000002
24300,1.02,-1.21e-18,1.014413128,-0.008113086,1.010302677,-0.014215728,1.007085241,-0.019021309,1.004538328,-0.022834592999999997,1.003545105,-0.024345013999999998
25200,1.02,1.4e-18,1.013879177,-0.00879206,1.009652443,-0.01505846,1.006413251,-0.019895923,1.003902001,-0.023655002,1.003160536,-0.024806871
26100,1.02,4.2700000000000004e-18,1.013195558,-0.009683965,1.008677291,-0.016399865,1.005497558,-0.021201038,1.003118022,-0.024814901,1.002277934,-0.026112217000000004
27000,1.02,7.11e-18,1.012181009,-0.010983241999999999,1.00630791,-0.019478352,1.002234563,-0.025478544,0.999137127,-0.030067317000000003,0.997815023,-0.032038058
27900,1.02,-9.289999999999999e-18,1.011877845,-0.011293666,1.005138511,-0.020859203,1.00021469,-0.027932774,0.9965368059999999,-0.033246921,0.9946611609999999,-0.035936868999999996
28800,1.02,-2.7199999999999998e-18,1.011060948,-0.012328887,1.003668875,-0.022769352000000003,0.9983928470000001,-0.03036602,0.9944153090000001,-0.03614614,0.992724408,-0.038613758
29700,1.02,-9.22e-18,1.01150686,-0.011810446,1.004849307,-0.021318047000000003,0.999966115,-0.02840628,0.99671853,-0.03320939,0.9957245240000001,-0.034735933
30600,1.02,6.61e-18,1.010840459,-0.012582103,1.00378234,-0.022571927999999998,0.9986241570000001,-0.030006146,0.994888585,-0.035446998,0.993603509,-0.037376893
31500,1.02,-6.86e-18,1.010282176,-0.013251217,1.002885971,-0.023679468999999998,0.997814972,-0.031016718,0.9940916959999999,-0.036455693,0.992745233,-0.038475424
32400,1.02,-5.69e-18,1.010884706,-0.012516242,1.004040476,-0.022227693,0.9991186809999999,-0.029349379,0.9956417759999999,-0.034436264,0.993680927,-0.037254003
33300,1.02,1.8899999999999996e-17,1.010769658,-0.012587143,1.003732665,-0.022469816,0.998401366,-0.030064151,0.994621072,-0.035496957999999995,0.9922261309999999,-0.038857428
34200,1.02,5.16e-18,1.010445923,-0.013013793000000001,1.003016034,-0.023434253,0.9977159259999999,-0.031024971000000002,0.993576386,-0.036985197000000004,0.991214825,-0.040306852000000004
35100,1.02,-7.07e-18,1.010457593,-0.012974176,1.0031550040000001,-0.023210549,0.997628884,-0.031080464,0.993480945,-0.03703208,0.9911724340000001,-0.040277362000000004
36000,1.02,5.31e-18,1.009315713,-0.014254323999999999,1.001158932,-0.02550962,0.995093791,-0.034017061,0.990388603,-0.04065471,0.987807167,-0.044235547
36900,1.02,-2.02e-18,1.010986563,-0.01229894,1.004026253,-0.022051592999999998,0.998822049,-0.029411465,0.994821038,-0.035079389,0.992343843,-0.038506248
37800,1.02,-7.87e-18,1.010200533,-0.013233765,1.002765911,-0.023596497,0.9970458940000001,-0.031625428,0.992437707,-0.038114378,0.990026148,-0.041470022999999995
38700,1.02,-8.240000000000001e-18,1.0110926120000001,-0.01222429,1.003932707,-0.022287971,0.998691436,-0.029756899,0.994642409,-0.035553046,0.992592202,-0.03846714
39600,1.02,1.39e-17,1.0098506870000001,-0.013675103999999999,1.001726979,-0.024924859,0.995768366,-0.033280585,0.991299629,-0.039583652000000004,0.988838723,-0.042991123
40500,1.02,7.52e-18,1.009306428,-0.014342021000000002,1.001010577,-0.025842762000000002,0.9950362540000001,-0.034238721,0.990471821,-0.040690137,0.98808928,-0.044009864
41400,1.02,-1.3599999999999999e-18,1.009509516,-0.014143573999999999,1.0014904759999999,-0.025343552000000002,0.9957468079999999,-0.033494575,0.991666665,-0.039352307,0.989551966,-0.042349723
42300,1.02,-2.4600000000000002e-17,1.009175832,-0.014513335,1.000751783,-0.026193467,0.995004112,-0.03433477,0.990926724,-0.040174088,0.988805415,-0.043181699000000004
43200,1.02,-5.05e-18,1.008937095,-0.014749733999999999,1.00000198,-0.027024283,0.993781805,-0.035721242,0.989125783,-0.042277580999999995,0.986928448,-0.045380755
44100,1.02,3.56e-18,1.01023907,-0.013330308999999999,1.0024112809999999,-0.024328807,0.9971278170000001,-0.031908382,0.99311702,-0.037704116,0.9911669259999999,-0.040495379
45000,1.02,-4.89e-18,1.0107369000000002,-0.012780996000000001,1.003299585,-0.023329684,0.998156136,-0.030785417000000002,0.9943708490000001,-0.036336521000000004,0.9927500690000001,-0.038709585
45900,1.02,-4.89e-18,1.009108093,-0.014525906000000002,0.999909442,-0.027125983,0.993259661,-0.036377616,0.988272204,-0.04338292,0.9858897529999999,-0.046714165999999994
46800,1.02,-3.1899999999999995e-19,1.0084901640000001,-0.015208555,0.998855539,-0.028306401000000002,0.991905853,-0.037913243,0.9866942470000001,-0.045186862,0.984621545,-0.048155757
47700,1.02,-5.16e-18,1.00870045,-0.014981353000000001,0.999801693,-0.027167336,0.993202595,-0.036302999,0.988214336,-0.043253334000000004,0.986291852,-0.046027188
48600,1.02,-2.42e-18,1.008849903,-0.014873671000000002,0.999870028,-0.027224617000000003,0.993365836,-0.036298887,0.988804872,-0.042754883,0.986641604,-0.045818884000000004
49500,1.02,-4.36e-18,1.0077456,-0.016068224,0.997762651,-0.029585599,0.9906226090000001,-0.039431253,0.986082986,-0.045886057,0.983910579,-0.048971392999999995
50400,1.02,3.45e-18,1.008755141,-0.014944012,0.99980395,-0.027221772999999998,0.992986991,-0.036655436,0.988079725,-0.043525222999999995,0.985889063,-0.046631374
51300,1.02,-1.61e-17,1.0093068509999998,-0.014311359,1.000918994,-0.025895281000000003,0.994570286,-0.034772657,0.9899515659999999,-0.041300064,0.987774351,-0.04438053
52200,1.02,-1.3e-17,1.008700478,-0.015010741999999999,0.9993712029999999,-0.027766766000000002,0.99258727,-0.037226185,0.987653297,-0.044202856,0.9859691740000001,-0.04667324
53100,1.02,1.2300000000000001e-17,1.00881883,-0.014851679,0.999564421,-0.027493371000000003,0.9929619129999999,-0.036689852,0.988101297,-0.043532417000000004,0.986687823,-0.045646762
54000,1.02,-5.18e-19,1.009570452,-0.013979523,1.0008907009999999,-0.025916657000000003,0.994902917,-0.034330381,0.9903095359999999,-0.040823382000000005,0.988576586,-0.043349648
54900,1.02,1.16e-17,1.009926956,-0.013628578999999998,1.0019164040000001,-0.024782897999999998,0.996251881,-0.032834265,0.9922848120000001,-0.03854742,0.990541498,-0.041083585
55800,1.02,-1.01e-18,1.009869323,-0.01366382,1.001353435,-0.025441677000000003,0.995309662,-0.033948555,0.990905989,-0.040209541,0.988934745,-0.043036146
56700,1.02,-2.33e-17,1.009214861,-0.014220266,0.9999241990000001,-0.026764958999999998,0.992748484,-0.036563067000000005,0.987361948,-0.043975029000000006,0.984525952,-0.047812310999999996
57600,1.02,1.02e-17,1.010466154,-0.012874304,1.002475403,-0.023903695,0.9961396570000001,-0.032745984,0.9913490909999999,-0.039485555,0.9892806470000001,-0.042425723
58500,1.02,2.51e-17,1.009592958,-0.013957386,1.00122237,-0.025496638999999998,0.994555284,-0.034789286,0.9896243,-0.041741798,0.987343325,-0.04494291
59400,1.02,-2.51e-17,1.008385692,-0.015135215,0.998769864,-0.027995877000000002,0.9908340040000001,-0.038746627,0.984822018,-0.046982363,0.981883598,-0.05094839599999999
60300,1.02,-2.47e-17,1.009731863,-0.01379371,1.001180042,-0.025574363,0.994615092,-0.034739467999999996,0.989813851,-0.041524847000000004,0.987879892,-0.044304483
61200,1.02,2.03e-18,1.010843841,-0.012558848999999999,1.003208369,-0.023276706,0.997367731,-0.031572943,0.993202975,-0.037572149,0.9914711190000001,-0.040088331
62100,1.02,3.32e-18,1.010339052,-0.013100397,1.002247198,-0.024331917,0.9961541690000001,-0.032882486,0.991886735,-0.038950932,0.9895922840000001,-0.042156136
63000,1.02,-9.59e-18,1.011233767,-0.012093276000000002,1.004089349,-0.022180896000000002,0.999230055,-0.029143335,0.9956233720000001,-0.034332437,0.993438715,-0.037401256
63900,1.02,-1.13e-17,1.011896253,-0.011279056,1.004775448,-0.021394099,0.9998866609999999,-0.028474958999999998,0.996488492,-0.033462525,0.994647535,-0.036108895
64800,1.02,-4.0499999999999996e-19,1.01163323,-0.011593358,1.004330413,-0.021922916,0.998971886,-0.02958737,0.995197898,-0.035052745,0.993341448,-0.037719397
65700,1.02,-8.26e-18,1.012279291,-0.010849808,1.005611467,-0.020404888,1.000798703,-0.027391303999999998,0.99766918,-0.032028507000000005,0.9962021109999999,-0.034193048999999996
66600,1.02,3.8100000000000005e-18,1.012306614,-0.010805583,1.0057434809999999,-0.020205159,1.00077282,-0.02739858,0.997472528,-0.032266997,0.995731204,-0.034786356000000004
67500,1.02,2.6800000000000002e-17,1.0105342290000001,-0.012802559,1.002150464,-0.024403881000000002,0.995732318,-0.033385421,0.9912845020000001,-0.039714895,0.98872085,-0.043241700999999994
68400,1.02,-4.84e-18,1.011213334,-0.011944516,1.003487859,-0.022658159,0.99729712,-0.031320862000000005,0.99273316,-0.03776569,0.990093165,-0.041384981
69300,1.02,-1.0800000000000001e-17,1.011940089,-0.011083761999999999,1.004809373,-0.021073339,0.9991396770000001,-0.029062529,0.995152826,-0.034733928,0.992719481,-0.038102555
70200,1.02,-5.55e-18,1.012322439,-0.010676551000000001,1.005571594,-0.020236874,1.000143614,-0.027971829,0.99641217,-0.033364716,0.994413091,-0.036208289
71100,1.02,-5.23e-18,1.012175258,-0.010929575,1.005302932,-0.020719695,0.999882048,-0.028508287,0.996134617,-0.033986251,0.9942760420000001,-0.036662217999999996
72000,1.02,8.409999999999999e-18,1.01296127,-0.010003608,1.007155595,-0.018409405,1.002441509,-0.025286011,0.9992442429999999,-0.030030209,0.997827793,-0.032130725
72900,1.02,7.31e-19,1.013634768,-0.009142425,1.00843969,-0.016730988000000002,1.00440544,-0.022663556,1.001436378,-0.027054803,0.9997266429999999,-0.029526392000000002
73800,1.02,1.09e-17,1.012676157,-0.010376077,1.006323373,-0.019548586,1.001525194,-0.026544311,0.9981992279999999,-0.031471714,0.996626763,-0.033775325
74700,1.02,9.83e-18,1.013046391,-0.009908656,1.007008587,-0.018668438,1.002533689,-0.025228762000000002,0.999343613,-0.02996098,0.9977446870000001,-0.032297039
75600,1.02,1.39e-17,1.012333597,-0.010784116000000002,1.005647213,-0.020374844,1.0007986709999999,-0.027424788999999998,0.997516785,-0.032279414,0.9960117209999999,-0.034497798999999996
76500,1.02,3.51e-18,1.01345725,-0.009353176,1.007907294,-0.01741664,1.0038514159999998,-0.023358293,1.0012734970000001,-0.027195236,0.999740911,-0.029438402000000002
77400,1.02,-1.96e-18,1.014419119,-0.008095144,1.00961551,-0.015157308999999999,1.0062526840000001,-0.020142719,1.004475616,-0.022867586000000002,1.0033922579999999,-0.024504292999999996
78300,1.02,2.46e-18,1.013861636,-0.008876759,1.008539065,-0.016699568999999997,1.005262726,-0.021628515,1.003259834,-0.024707778,1.002321198,-0.026145887000000003
79200,1.02,6.04e-18,1.013527888,-0.009318063,1.008040467,-0.01735782,1.004211611,-0.02304769,1.001701412,-0.026842579,1.0006669590000001,-0.028416154
80100,1.02,2.0200000000000001e-19,1.014643935,-0.007850267,1.009973792,-0.014793428999999999,1.006750721,-0.01964921,1.0045812170000001,-0.022959043,1.003544623,-0.024531415
81000,1.02,-3.14e-18,1.014012713,-0.008730792,1.008985218,-0.016189487,1.0057792540000001,-0.021033036,1.0037626590000002,-0.024139547999999997,1.002923826,-0.02543235
81900,1.02,-6.990000000000001e-19,1.013770248,-0.009047371,1.008522514,-0.01680542,1.005034192,-0.022026862999999997,1.0027077,-0.025557375,1.001621503,-0.027201947
82800,1.02,5.19e-18,1.0147598,-0.007726659,1.0103551579999999,-0.014319018000000001,1.007459758,-0.018728644,1.005444805,-0.02182954,1.004587662,-0.02314757
83700,1.02,2.87e-18,1.01553849,-0.006666109,1.011752298,-0.012395122,1.009060488,-0.016514892,1.007243294,-0.019330174,1.0065033270000001,-0.020477198999999998
84600,1.02,4.02e-19,1.0155139659999999,-0.0067098,1.011996273,-0.012051555,1.009502289,-0.015879337,1.007906227,-0.018364346,1.007396213,-0.019170727
85500,1.02,6.19e-19,1.0146516209999998,-0.00789516,1.0104715640000002,-0.014182953,1.0078053009999999,-0.018261946,1.00577716,-0.021380487000000004,1.005054919,-0.022503747
